[1] "Parameter summary"
                 Lower95        Median       Upper95          Mean          SD Mode        MCerr
tau_proc    5.146261e-02  0.0876770269  0.1300222648  0.0892909616 0.020759814   NA 8.678148e-04
tau_obs     4.968394e-05  0.0001111788  0.0001963108  0.0001172855 0.000039646   NA 2.419109e-06
R20        -4.986445e-01 -0.2900759026 -0.0976152511 -0.2895180354 0.102670470   NA 1.539942e-03
theta       1.054993e+00  1.0829117407  1.1111651531  1.0828843968 0.014186274   NA 1.477264e-04
ko2         1.487410e-01  0.1996889923  0.2621622460  0.2023180759 0.029007686   NA 3.318051e-04
sss_scalar  9.786988e-01  1.9988491163  2.9538984802  1.9985268740 0.505057755   NA 5.818454e-03
           MC%ofSD SSeff        AC.10     psrf
tau_proc       4.2   572  0.331252345 1.213640
tau_obs        6.1   269  0.194331500 1.428548
R20            1.5  4445  0.036965938 1.042815
theta          1.0  9222 -0.002539539 1.002249
ko2            1.1  7643 -0.015344555 1.000336
sss_scalar     1.2  7535  0.013828044 1.011484
