[1] "Parameter summary"
                Lower95       Median      Upper95        Mean           SD Mode        MCerr MC%ofSD
tau_proc   0.8104024020 0.9985519983 1.1974663531 1.001901349 9.965900e-02   NA 1.637435e-03     1.6
tau_obs    0.0001424832 0.0002306685 0.0003350581 0.000235168 4.993583e-05   NA 1.101794e-06     2.2
R10        0.2443375789 0.3774675840 0.5280761023 0.381846561 7.391750e-02   NA 3.515973e-03     4.8
theta      0.4001522238 0.6717779185 0.9420732910 0.673257625 1.408536e-01   NA 1.611397e-03     1.1
ko2        0.1457649108 0.1997948067 0.2576229969 0.202096293 2.881995e-02   NA 4.765662e-04     1.7
sss_scalar 1.7808137929 2.3650658973 2.9508533961 2.363853430 2.985306e-01   NA 7.049160e-03     2.4
           SSeff      AC.10     psrf
tau_proc    3704 0.05166794 1.005102
tau_obs     2054 0.06272921 1.083528
R10          442 0.25093035 1.330445
theta       7641 0.03104020 1.008103
ko2         3657 0.06927076 1.002421
sss_scalar  1794 0.09583669 1.047694
