[1] "Parameter summary"
             Lower95    Median   Upper95      Mean         SD Mode        MCerr MC%ofSD SSeff
tau_proc   0.8167451 1.0013573 1.1995072 1.0043226 0.09808838   NA 0.0014426281     1.5  4623
tau_obs    0.1515559 0.2505226 0.3640698 0.2548104 0.05460890   NA 0.0009718427     1.8  3157
R10        0.3347651 0.4398938 0.5659631 0.4452291 0.06015641   NA 0.0014107196     2.3  1818
theta      0.4658143 0.7234549 0.9982129 0.7247682 0.13625057   NA 0.0016568796     1.2  6762
ko2        0.1485581 0.2017490 0.2603442 0.2036445 0.02889352   NA 0.0003442092     1.2  7046
sss_scalar 1.9171473 2.4625143 3.0043501 2.4653996 0.27837851   NA 0.0058803713     2.1  2241
                AC.10     psrf
tau_proc   0.03406191 1.000063
tau_obs    0.06722661 1.000936
R10        0.09125739 1.000083
theta      0.01722122 1.000365
ko2        0.01868667 1.000609
sss_scalar 0.07972790 1.000208
