[1] "Parameter summary"
             Lower95    Median   Upper95      Mean         SD Mode        MCerr MC%ofSD SSeff
tau_proc   0.7354014 0.8996231 1.0830835 0.9021439 0.08854241   NA 0.0013106785     1.5  4564
tau_obs    0.1848190 0.2904417 0.4078080 0.2946367 0.05769451   NA 0.0010062600     1.7  3287
R10        0.3449464 0.4040318 0.4673866 0.4053852 0.03124248   NA 0.0005601109     1.8  3111
theta      0.6335474 0.8955780 1.1376145 0.8949997 0.12958693   NA 0.0017753597     1.4  5328
ko2        0.1466415 0.1983540 0.2571220 0.2006132 0.02856604   NA 0.0003038956     1.1  8836
sss_scalar 2.7236740 3.1517549 3.6154922 3.1578635 0.22910833   NA 0.0036720925     1.6  3893
                 AC.10      psrf
tau_proc   0.047111087 1.0000970
tau_obs    0.080440479 1.0015010
R10        0.023845891 1.0012984
theta      0.009510754 0.9999353
ko2        0.007806054 1.0001365
sss_scalar 0.018058086 1.0012183
