[1] "Parameter summary"
                Lower95       Median      Upper95        Mean           SD Mode        MCerr MC%ofSD
tau_proc   0.8093344449 0.9926395599 1.1969575335 0.996897200 9.961398e-02   NA 1.650822e-03     1.7
tau_obs    0.0001394078 0.0002256431 0.0003224294 0.000228859 4.771066e-05   NA 4.926636e-07     1.0
R10        0.2648911971 0.3223812690 0.3836811447 0.323740910 3.071171e-02   NA 6.864427e-04     2.2
theta      0.3893561883 0.6660336467 0.9416756277 0.666299925 1.405450e-01   NA 1.770083e-03     1.3
ko2        0.1500932681 0.1991165951 0.2587431646 0.200883974 2.823635e-02   NA 4.256719e-04     1.5
sss_scalar 1.8659309161 2.4441891200 3.0125877312 2.444096197 2.933507e-01   NA 1.187612e-02     4.0
           SSeff      AC.10     psrf
tau_proc    3641 0.06229284 1.006682
tau_obs     9378 0.01523587 1.080766
R10         2002 0.07571221 1.120321
theta       6304 0.03185444 1.001801
ko2         4400 0.03915716 1.001603
sss_scalar   610 0.19393760 1.115098
