[1] "Parameter summary"
             Lower95    Median   Upper95      Mean         SD Mode        MCerr MC%ofSD SSeff
tau_proc   0.8552560 1.0530475 1.2473719 1.0556958 0.10116100   NA 0.0014519331     1.4  4854
tau_obs    0.2235840 0.3306603 0.4576522 0.3343140 0.06080190   NA 0.0008429141     1.4  5203
R10        0.2710620 0.3239632 0.3800693 0.3250097 0.02759880   NA 0.0003333485     1.2  6855
theta      0.4193292 0.6963154 0.9685649 0.6962431 0.14082718   NA 0.0014912660     1.1  8918
ko2        0.1479318 0.2004646 0.2593178 0.2025760 0.02899937   NA 0.0003634392     1.3  6367
sss_scalar 2.0734851 2.5569041 3.0412828 2.5576314 0.24749348   NA 0.0026517815     1.1  8711
                  AC.10      psrf
tau_proc    0.018438949 1.0001607
tau_obs     0.041587525 1.0006606
R10        -0.005240461 0.9999856
theta      -0.003231993 1.0010528
ko2         0.006713946 1.0014589
sss_scalar  0.009621416 1.0002422
