[1] "Parameter summary"
             Lower95    Median   Upper95      Mean         SD Mode        MCerr MC%ofSD SSeff
tau_proc   0.8133045 0.9961624 1.1941678 0.9997324 0.09801485   NA 0.0014614972     1.5  4498
tau_obs    0.1546473 0.2503274 0.3640936 0.2542742 0.05439728   NA 0.0010740996     2.0  2565
R10        0.3016606 0.3539087 0.4130479 0.3554200 0.02908325   NA 0.0004366515     1.5  4436
theta      0.5103362 0.7760408 1.0448215 0.7760388 0.13654987   NA 0.0016150032     1.2  7149
ko2        0.1450894 0.1996725 0.2560808 0.2016652 0.02850785   NA 0.0003482421     1.2  6701
sss_scalar 2.3700776 2.8172403 3.2727798 2.8198561 0.23202840   NA 0.0029701303     1.3  6103
                  AC.10     psrf
tau_proc    0.037440754 1.000456
tau_obs     0.091096870 1.000614
R10         0.009898429 1.000558
theta      -0.005829503 1.000444
ko2         0.017662894 1.000892
sss_scalar  0.017917163 1.000560
